8.924071634902895900e-01
4.830504498189851503e-01
8.623363645115896814e-01
4.216235513539312585e-01
6.302535849996870887e-01
7.619390125591727347e-01
2.441295165385780619e-01
9.299751482155365068e-01
4.557026565730962764e-01
6.124968002470816408e-01
6.924539588776735810e-01
7.541325277606666377e-01
5.587333293855342164e-01
3.830155582150884808e-02
9.247300798032510594e-01
9.513161050942744446e-01
5.180663970116091699e-01
6.061660737166307822e-01
8.964419773582578133e-01
3.394201244426305886e-01